 'FILEHEAD'         100 'INTE'
           3        2012          43           0           0           0
           1           0           0           0           0           0
           0           0           0           0           0           0
           0           0           0           0           0           0
           0           0           0           0           0           0
           0           0           0           0           0           0
           0           0           0           0           0           0
           0           0           0           0           0           0
           0           0           0           0           0           0
           0           0           0           0           0           0
           0           0           0           0           0           0
           0           0           0           0           0           0
           0           0           0           0           0           0
           0           0           0           0           0           0
           0           0           0           0           0           0
           0           0           0           0           0           0
           0           0           0           0
 'GRIDUNIT'           2 'CHAR'
 'FEET    ' '        '
 'GDORIENT'           5 'CHAR'
 'INC     ' 'INC     ' 'INC     ' 'DOWN    ' 'RIGHT   '
 'GRIDHEAD'         100 'INTE'
           1           9           9           4           0           0
           0           0           0           0           0           0
           0           0           0           0           0           0
           0           0           0           0           0           0
           1           1           0           0           0           0
           0           0           0           0           0           0
           0           0           0           0           0           0
           0           0           0           0           0           0
           0           0           0           0           0           0
           0           0           0           0           0           0
           0           0           0           0           0           0
           0           0           0           0           0           0
           0           0           0           0           0           0
           0           0           0           0           0           0
           0           0           0           0           0           0
           0           0           0           0           0           0
           0           0           0           0
 'COORD   '         600 'REAL'
   0.00000000E+00   0.00000000E+00   0.73150000E+04   0.00000000E+00
   0.00000000E+00   0.74750000E+04   0.29329999E+03   0.00000000E+00
   0.73150000E+04   0.29329999E+03   0.00000000E+00   0.74750000E+04
   0.58659998E+03   0.00000000E+00   0.73150000E+04   0.58659998E+03
   0.00000000E+00   0.74750000E+04   0.87990002E+03   0.00000000E+00
   0.73150000E+04   0.87990002E+03   0.00000000E+00   0.74750000E+04
   0.11732000E+04   0.00000000E+00   0.73150000E+04   0.11732000E+04
   0.00000000E+00   0.74750000E+04   0.14665000E+04   0.00000000E+00
   0.73150000E+04   0.14665000E+04   0.00000000E+00   0.74750000E+04
   0.17598000E+04   0.00000000E+00   0.73150000E+04   0.17598000E+04
   0.00000000E+00   0.74750000E+04   0.20531001E+04   0.00000000E+00
   0.73150000E+04   0.20531001E+04   0.00000000E+00   0.74750000E+04
   0.23463999E+04   0.00000000E+00   0.73150000E+04   0.23463999E+04
   0.00000000E+00   0.74750000E+04   0.26397000E+04   0.00000000E+00
   0.73150000E+04   0.26397000E+04   0.00000000E+00   0.74750000E+04
   0.00000000E+00   0.29329999E+03   0.73150000E+04   0.00000000E+00
   0.29329999E+03   0.74750000E+04   0.29329999E+03   0.29329999E+03
   0.73150000E+04   0.29329999E+03   0.29329999E+03   0.74750000E+04
   0.58659998E+03   0.29329999E+03   0.73150000E+04   0.58659998E+03
   0.29329999E+03   0.74750000E+04   0.87990002E+03   0.29329999E+03
   0.73150000E+04   0.87990002E+03   0.29329999E+03   0.74750000E+04
   0.11732000E+04   0.29329999E+03   0.73150000E+04   0.11732000E+04
   0.29329999E+03   0.74750000E+04   0.14665000E+04   0.29329999E+03
   0.73150000E+04   0.14665000E+04   0.29329999E+03   0.74750000E+04
   0.17598000E+04   0.29329999E+03   0.73150000E+04   0.17598000E+04
   0.29329999E+03   0.74750000E+04   0.20531001E+04   0.29329999E+03
   0.73150000E+04   0.20531001E+04   0.29329999E+03   0.74750000E+04
   0.23463999E+04   0.29329999E+03   0.73150000E+04   0.23463999E+04
   0.29329999E+03   0.74750000E+04   0.26397000E+04   0.29329999E+03
   0.73150000E+04   0.26397000E+04   0.29329999E+03   0.74750000E+04
   0.00000000E+00   0.58659998E+03   0.73150000E+04   0.00000000E+00
   0.58659998E+03   0.74750000E+04   0.29329999E+03   0.58659998E+03
   0.73150000E+04   0.29329999E+03   0.58659998E+03   0.74750000E+04
   0.58659998E+03   0.58659998E+03   0.73150000E+04   0.58659998E+03
   0.58659998E+03   0.74750000E+04   0.87990002E+03   0.58659998E+03
   0.73150000E+04   0.87990002E+03   0.58659998E+03   0.74750000E+04
   0.11732000E+04   0.58659998E+03   0.73150000E+04   0.11732000E+04
   0.58659998E+03   0.74750000E+04   0.14665000E+04   0.58659998E+03
   0.73150000E+04   0.14665000E+04   0.58659998E+03   0.74750000E+04
   0.17598000E+04   0.58659998E+03   0.73150000E+04   0.17598000E+04
   0.58659998E+03   0.74750000E+04   0.20531001E+04   0.58659998E+03
   0.73150000E+04   0.20531001E+04   0.58659998E+03   0.74750000E+04
   0.23463999E+04   0.58659998E+03   0.73150000E+04   0.23463999E+04
   0.58659998E+03   0.74750000E+04   0.26397000E+04   0.58659998E+03
   0.73150000E+04   0.26397000E+04   0.58659998E+03   0.74750000E+04
   0.00000000E+00   0.87990002E+03   0.73150000E+04   0.00000000E+00
   0.87990002E+03   0.74750000E+04   0.29329999E+03   0.87990002E+03
   0.73150000E+04   0.29329999E+03   0.87990002E+03   0.74750000E+04
   0.58659998E+03   0.87990002E+03   0.73150000E+04   0.58659998E+03
   0.87990002E+03   0.74750000E+04   0.87990002E+03   0.87990002E+03
   0.73150000E+04   0.87990002E+03   0.87990002E+03   0.74750000E+04
   0.11732000E+04   0.87990002E+03   0.73150000E+04   0.11732000E+04
   0.87990002E+03   0.74750000E+04   0.14665000E+04   0.87990002E+03
   0.73150000E+04   0.14665000E+04   0.87990002E+03   0.74750000E+04
   0.17598000E+04   0.87990002E+03   0.73150000E+04   0.17598000E+04
   0.87990002E+03   0.74750000E+04   0.20531001E+04   0.87990002E+03
   0.73150000E+04   0.20531001E+04   0.87990002E+03   0.74750000E+04
   0.23463999E+04   0.87990002E+03   0.73150000E+04   0.23463999E+04
   0.87990002E+03   0.74750000E+04   0.26397000E+04   0.87990002E+03
   0.73150000E+04   0.26397000E+04   0.87990002E+03   0.74750000E+04
   0.00000000E+00   0.11732000E+04   0.73150000E+04   0.00000000E+00
   0.11732000E+04   0.74750000E+04   0.29329999E+03   0.11732000E+04
   0.73150000E+04   0.29329999E+03   0.11732000E+04   0.74750000E+04
   0.58659998E+03   0.11732000E+04   0.73150000E+04   0.58659998E+03
   0.11732000E+04   0.74750000E+04   0.87990002E+03   0.11732000E+04
   0.73150000E+04   0.87990002E+03   0.11732000E+04   0.74750000E+04
   0.11732000E+04   0.11732000E+04   0.73150000E+04   0.11732000E+04
   0.11732000E+04   0.74750000E+04   0.14665000E+04   0.11732000E+04
   0.73150000E+04   0.14665000E+04   0.11732000E+04   0.74750000E+04
   0.17598000E+04   0.11732000E+04   0.73150000E+04   0.17598000E+04
   0.11732000E+04   0.74750000E+04   0.20531001E+04   0.11732000E+04
   0.73150000E+04   0.20531001E+04   0.11732000E+04   0.74750000E+04
   0.23463999E+04   0.11732000E+04   0.73150000E+04   0.23463999E+04
   0.11732000E+04   0.74750000E+04   0.26397000E+04   0.11732000E+04
   0.73150000E+04   0.26397000E+04   0.11732000E+04   0.74750000E+04
   0.00000000E+00   0.14665000E+04   0.73150000E+04   0.00000000E+00
   0.14665000E+04   0.74750000E+04   0.29329999E+03   0.14665000E+04
   0.73150000E+04   0.29329999E+03   0.14665000E+04   0.74750000E+04
   0.58659998E+03   0.14665000E+04   0.73150000E+04   0.58659998E+03
   0.14665000E+04   0.74750000E+04   0.87990002E+03   0.14665000E+04
   0.73150000E+04   0.87990002E+03   0.14665000E+04   0.74750000E+04
   0.11732000E+04   0.14665000E+04   0.73150000E+04   0.11732000E+04
   0.14665000E+04   0.74750000E+04   0.14665000E+04   0.14665000E+04
   0.73150000E+04   0.14665000E+04   0.14665000E+04   0.74750000E+04
   0.17598000E+04   0.14665000E+04   0.73150000E+04   0.17598000E+04
   0.14665000E+04   0.74750000E+04   0.20531001E+04   0.14665000E+04
   0.73150000E+04   0.20531001E+04   0.14665000E+04   0.74750000E+04
   0.23463999E+04   0.14665000E+04   0.73150000E+04   0.23463999E+04
   0.14665000E+04   0.74750000E+04   0.26397000E+04   0.14665000E+04
   0.73150000E+04   0.26397000E+04   0.14665000E+04   0.74750000E+04
   0.00000000E+00   0.17598000E+04   0.73150000E+04   0.00000000E+00
   0.17598000E+04   0.74750000E+04   0.29329999E+03   0.17598000E+04
   0.73150000E+04   0.29329999E+03   0.17598000E+04   0.74750000E+04
   0.58659998E+03   0.17598000E+04   0.73150000E+04   0.58659998E+03
   0.17598000E+04   0.74750000E+04   0.87990002E+03   0.17598000E+04
   0.73150000E+04   0.87990002E+03   0.17598000E+04   0.74750000E+04
   0.11732000E+04   0.17598000E+04   0.73150000E+04   0.11732000E+04
   0.17598000E+04   0.74750000E+04   0.14665000E+04   0.17598000E+04
   0.73150000E+04   0.14665000E+04   0.17598000E+04   0.74750000E+04
   0.17598000E+04   0.17598000E+04   0.73150000E+04   0.17598000E+04
   0.17598000E+04   0.74750000E+04   0.20531001E+04   0.17598000E+04
   0.73150000E+04   0.20531001E+04   0.17598000E+04   0.74750000E+04
   0.23463999E+04   0.17598000E+04   0.73150000E+04   0.23463999E+04
   0.17598000E+04   0.74750000E+04   0.26397000E+04   0.17598000E+04
   0.73150000E+04   0.26397000E+04   0.17598000E+04   0.74750000E+04
   0.00000000E+00   0.20531001E+04   0.73150000E+04   0.00000000E+00
   0.20531001E+04   0.74750000E+04   0.29329999E+03   0.20531001E+04
   0.73150000E+04   0.29329999E+03   0.20531001E+04   0.74750000E+04
   0.58659998E+03   0.20531001E+04   0.73150000E+04   0.58659998E+03
   0.20531001E+04   0.74750000E+04   0.87990002E+03   0.20531001E+04
   0.73150000E+04   0.87990002E+03   0.20531001E+04   0.74750000E+04
   0.11732000E+04   0.20531001E+04   0.73150000E+04   0.11732000E+04
   0.20531001E+04   0.74750000E+04   0.14665000E+04   0.20531001E+04
   0.73150000E+04   0.14665000E+04   0.20531001E+04   0.74750000E+04
   0.17598000E+04   0.20531001E+04   0.73150000E+04   0.17598000E+04
   0.20531001E+04   0.74750000E+04   0.20531001E+04   0.20531001E+04
   0.73150000E+04   0.20531001E+04   0.20531001E+04   0.74750000E+04
   0.23463999E+04   0.20531001E+04   0.73150000E+04   0.23463999E+04
   0.20531001E+04   0.74750000E+04   0.26397000E+04   0.20531001E+04
   0.73150000E+04   0.26397000E+04   0.20531001E+04   0.74750000E+04
   0.00000000E+00   0.23463999E+04   0.73150000E+04   0.00000000E+00
   0.23463999E+04   0.74750000E+04   0.29329999E+03   0.23463999E+04
   0.73150000E+04   0.29329999E+03   0.23463999E+04   0.74750000E+04
   0.58659998E+03   0.23463999E+04   0.73150000E+04   0.58659998E+03
   0.23463999E+04   0.74750000E+04   0.87990002E+03   0.23463999E+04
   0.73150000E+04   0.87990002E+03   0.23463999E+04   0.74750000E+04
   0.11732000E+04   0.23463999E+04   0.73150000E+04   0.11732000E+04
   0.23463999E+04   0.74750000E+04   0.14665000E+04   0.23463999E+04
   0.73150000E+04   0.14665000E+04   0.23463999E+04   0.74750000E+04
   0.17598000E+04   0.23463999E+04   0.73150000E+04   0.17598000E+04
   0.23463999E+04   0.74750000E+04   0.20531001E+04   0.23463999E+04
   0.73150000E+04   0.20531001E+04   0.23463999E+04   0.74750000E+04
   0.23463999E+04   0.23463999E+04   0.73150000E+04   0.23463999E+04
   0.23463999E+04   0.74750000E+04   0.26397000E+04   0.23463999E+04
   0.73150000E+04   0.26397000E+04   0.23463999E+04   0.74750000E+04
   0.00000000E+00   0.26397000E+04   0.73150000E+04   0.00000000E+00
   0.26397000E+04   0.74750000E+04   0.29329999E+03   0.26397000E+04
   0.73150000E+04   0.29329999E+03   0.26397000E+04   0.74750000E+04
   0.58659998E+03   0.26397000E+04   0.73150000E+04   0.58659998E+03
   0.26397000E+04   0.74750000E+04   0.87990002E+03   0.26397000E+04
   0.73150000E+04   0.87990002E+03   0.26397000E+04   0.74750000E+04
   0.11732000E+04   0.26397000E+04   0.73150000E+04   0.11732000E+04
   0.26397000E+04   0.74750000E+04   0.14665000E+04   0.26397000E+04
   0.73150000E+04   0.14665000E+04   0.26397000E+04   0.74750000E+04
   0.17598000E+04   0.26397000E+04   0.73150000E+04   0.17598000E+04
   0.26397000E+04   0.74750000E+04   0.20531001E+04   0.26397000E+04
   0.73150000E+04   0.20531001E+04   0.26397000E+04   0.74750000E+04
   0.23463999E+04   0.26397000E+04   0.73150000E+04   0.23463999E+04
   0.26397000E+04   0.74750000E+04   0.26397000E+04   0.26397000E+04
   0.73150000E+04   0.26397000E+04   0.26397000E+04   0.74750000E+04
 'ZCORN   '        2592 'REAL'
   0.73150000E+04   0.73150000E+04   0.73150000E+04   0.73150000E+04
   0.73150000E+04   0.73150000E+04   0.73150000E+04   0.73150000E+04
   0.73150000E+04   0.73150000E+04   0.73150000E+04   0.73150000E+04
   0.73150000E+04   0.73150000E+04   0.73150000E+04   0.73150000E+04
   0.73150000E+04   0.73150000E+04   0.73150000E+04   0.73150000E+04
   0.73150000E+04   0.73150000E+04   0.73150000E+04   0.73150000E+04
   0.73150000E+04   0.73150000E+04   0.73150000E+04   0.73150000E+04
   0.73150000E+04   0.73150000E+04   0.73150000E+04   0.73150000E+04
   0.73150000E+04   0.73150000E+04   0.73150000E+04   0.73150000E+04
   0.73150000E+04   0.73150000E+04   0.73150000E+04   0.73150000E+04
   0.73150000E+04   0.73150000E+04   0.73150000E+04   0.73150000E+04
   0.73150000E+04   0.73150000E+04   0.73150000E+04   0.73150000E+04
   0.73150000E+04   0.73150000E+04   0.73150000E+04   0.73150000E+04
   0.73150000E+04   0.73150000E+04   0.73150000E+04   0.73150000E+04
   0.73150000E+04   0.73150000E+04   0.73150000E+04   0.73150000E+04
   0.73150000E+04   0.73150000E+04   0.73150000E+04   0.73150000E+04
   0.73150000E+04   0.73150000E+04   0.73150000E+04   0.73150000E+04
   0.73150000E+04   0.73150000E+04   0.73150000E+04   0.73150000E+04
   0.73150000E+04   0.73150000E+04   0.73150000E+04   0.73150000E+04
   0.73150000E+04   0.73150000E+04   0.73150000E+04   0.73150000E+04
   0.73150000E+04   0.73150000E+04   0.73150000E+04   0.73150000E+04
   0.73150000E+04   0.73150000E+04   0.73150000E+04   0.73150000E+04
   0.73150000E+04   0.73150000E+04   0.73150000E+04   0.73150000E+04
   0.73150000E+04   0.73150000E+04   0.73150000E+04   0.73150000E+04
   0.73150000E+04   0.73150000E+04   0.73150000E+04   0.73150000E+04
   0.73150000E+04   0.73150000E+04   0.73150000E+04   0.73150000E+04
   0.73150000E+04   0.73150000E+04   0.73150000E+04   0.73150000E+04
   0.73150000E+04   0.73150000E+04   0.73150000E+04   0.73150000E+04
   0.73150000E+04   0.73150000E+04   0.73150000E+04   0.73150000E+04
   0.73150000E+04   0.73150000E+04   0.73150000E+04   0.73150000E+04
   0.73150000E+04   0.73150000E+04   0.73150000E+04   0.73150000E+04
   0.73150000E+04   0.73150000E+04   0.73150000E+04   0.73150000E+04
   0.73150000E+04   0.73150000E+04   0.73150000E+04   0.73150000E+04
   0.73150000E+04   0.73150000E+04   0.73150000E+04   0.73150000E+04
   0.73150000E+04   0.73150000E+04   0.73150000E+04   0.73150000E+04
   0.73150000E+04   0.73150000E+04   0.73150000E+04   0.73150000E+04
   0.73150000E+04   0.73150000E+04   0.73150000E+04   0.73150000E+04
   0.73150000E+04   0.73150000E+04   0.73150000E+04   0.73150000E+04
   0.73150000E+04   0.73150000E+04   0.73150000E+04   0.73150000E+04
   0.73150000E+04   0.73150000E+04   0.73150000E+04   0.73150000E+04
   0.73150000E+04   0.73150000E+04   0.73150000E+04   0.73150000E+04
   0.73150000E+04   0.73150000E+04   0.73150000E+04   0.73150000E+04
   0.73150000E+04   0.73150000E+04   0.73150000E+04   0.73150000E+04
   0.73150000E+04   0.73150000E+04   0.73150000E+04   0.73150000E+04
   0.73150000E+04   0.73150000E+04   0.73150000E+04   0.73150000E+04
   0.73150000E+04   0.73150000E+04   0.73150000E+04   0.73150000E+04
   0.73150000E+04   0.73150000E+04   0.73150000E+04   0.73150000E+04
   0.73150000E+04   0.73150000E+04   0.73150000E+04   0.73150000E+04
   0.73150000E+04   0.73150000E+04   0.73150000E+04   0.73150000E+04
   0.73150000E+04   0.73150000E+04   0.73150000E+04   0.73150000E+04
   0.73150000E+04   0.73150000E+04   0.73150000E+04   0.73150000E+04
   0.73150000E+04   0.73150000E+04   0.73150000E+04   0.73150000E+04
   0.73150000E+04   0.73150000E+04   0.73150000E+04   0.73150000E+04
   0.73150000E+04   0.73150000E+04   0.73150000E+04   0.73150000E+04
   0.73150000E+04   0.73150000E+04   0.73150000E+04   0.73150000E+04
   0.73150000E+04   0.73150000E+04   0.73150000E+04   0.73150000E+04
   0.73150000E+04   0.73150000E+04   0.73150000E+04   0.73150000E+04
   0.73150000E+04   0.73150000E+04   0.73150000E+04   0.73150000E+04
   0.73150000E+04   0.73150000E+04   0.73150000E+04   0.73150000E+04
   0.73150000E+04   0.73150000E+04   0.73150000E+04   0.73150000E+04
   0.73150000E+04   0.73150000E+04   0.73150000E+04   0.73150000E+04
   0.73150000E+04   0.73150000E+04   0.73150000E+04   0.73150000E+04
   0.73150000E+04   0.73150000E+04   0.73150000E+04   0.73150000E+04
   0.73150000E+04   0.73150000E+04   0.73150000E+04   0.73150000E+04
   0.73150000E+04   0.73150000E+04   0.73150000E+04   0.73150000E+04
   0.73150000E+04   0.73150000E+04   0.73150000E+04   0.73150000E+04
   0.73150000E+04   0.73150000E+04   0.73150000E+04   0.73150000E+04
   0.73150000E+04   0.73150000E+04   0.73150000E+04   0.73150000E+04
   0.73150000E+04   0.73150000E+04   0.73150000E+04   0.73150000E+04
   0.73150000E+04   0.73150000E+04   0.73150000E+04   0.73150000E+04
   0.73150000E+04   0.73150000E+04   0.73150000E+04   0.73150000E+04
   0.73150000E+04   0.73150000E+04   0.73150000E+04   0.73150000E+04
   0.73150000E+04   0.73150000E+04   0.73150000E+04   0.73150000E+04
   0.73150000E+04   0.73150000E+04   0.73150000E+04   0.73150000E+04
   0.73150000E+04   0.73150000E+04   0.73150000E+04   0.73150000E+04
   0.73150000E+04   0.73150000E+04   0.73150000E+04   0.73150000E+04
   0.73150000E+04   0.73150000E+04   0.73150000E+04   0.73150000E+04
   0.73150000E+04   0.73150000E+04   0.73150000E+04   0.73150000E+04
   0.73150000E+04   0.73150000E+04   0.73150000E+04   0.73150000E+04
   0.73150000E+04   0.73150000E+04   0.73150000E+04   0.73150000E+04
   0.73150000E+04   0.73150000E+04   0.73150000E+04   0.73150000E+04
   0.73450000E+04   0.73450000E+04   0.73450000E+04   0.73450000E+04
   0.73450000E+04   0.73450000E+04   0.73450000E+04   0.73450000E+04
   0.73450000E+04   0.73450000E+04   0.73450000E+04   0.73450000E+04
   0.73450000E+04   0.73450000E+04   0.73450000E+04   0.73450000E+04
   0.73450000E+04   0.73450000E+04   0.73450000E+04   0.73450000E+04
   0.73450000E+04   0.73450000E+04   0.73450000E+04   0.73450000E+04
   0.73450000E+04   0.73450000E+04   0.73450000E+04   0.73450000E+04
   0.73450000E+04   0.73450000E+04   0.73450000E+04   0.73450000E+04
   0.73450000E+04   0.73450000E+04   0.73450000E+04   0.73450000E+04
   0.73450000E+04   0.73450000E+04   0.73450000E+04   0.73450000E+04
   0.73450000E+04   0.73450000E+04   0.73450000E+04   0.73450000E+04
   0.73450000E+04   0.73450000E+04   0.73450000E+04   0.73450000E+04
   0.73450000E+04   0.73450000E+04   0.73450000E+04   0.73450000E+04
   0.73450000E+04   0.73450000E+04   0.73450000E+04   0.73450000E+04
   0.73450000E+04   0.73450000E+04   0.73450000E+04   0.73450000E+04
   0.73450000E+04   0.73450000E+04   0.73450000E+04   0.73450000E+04
   0.73450000E+04   0.73450000E+04   0.73450000E+04   0.73450000E+04
   0.73450000E+04   0.73450000E+04   0.73450000E+04   0.73450000E+04
   0.73450000E+04   0.73450000E+04   0.73450000E+04   0.73450000E+04
   0.73450000E+04   0.73450000E+04   0.73450000E+04   0.73450000E+04
   0.73450000E+04   0.73450000E+04   0.73450000E+04   0.73450000E+04
   0.73450000E+04   0.73450000E+04   0.73450000E+04   0.73450000E+04
   0.73450000E+04   0.73450000E+04   0.73450000E+04   0.73450000E+04
   0.73450000E+04   0.73450000E+04   0.73450000E+04   0.73450000E+04
   0.73450000E+04   0.73450000E+04   0.73450000E+04   0.73450000E+04
   0.73450000E+04   0.73450000E+04   0.73450000E+04   0.73450000E+04
   0.73450000E+04   0.73450000E+04   0.73450000E+04   0.73450000E+04
   0.73450000E+04   0.73450000E+04   0.73450000E+04   0.73450000E+04
   0.73450000E+04   0.73450000E+04   0.73450000E+04   0.73450000E+04
   0.73450000E+04   0.73450000E+04   0.73450000E+04   0.73450000E+04
   0.73450000E+04   0.73450000E+04   0.73450000E+04   0.73450000E+04
   0.73450000E+04   0.73450000E+04   0.73450000E+04   0.73450000E+04
   0.73450000E+04   0.73450000E+04   0.73450000E+04   0.73450000E+04
   0.73450000E+04   0.73450000E+04   0.73450000E+04   0.73450000E+04
   0.73450000E+04   0.73450000E+04   0.73450000E+04   0.73450000E+04
   0.73450000E+04   0.73450000E+04   0.73450000E+04   0.73450000E+04
   0.73450000E+04   0.73450000E+04   0.73450000E+04   0.73450000E+04
   0.73450000E+04   0.73450000E+04   0.73450000E+04   0.73450000E+04
   0.73450000E+04   0.73450000E+04   0.73450000E+04   0.73450000E+04
   0.73450000E+04   0.73450000E+04   0.73450000E+04   0.73450000E+04
   0.73450000E+04   0.73450000E+04   0.73450000E+04   0.73450000E+04
   0.73450000E+04   0.73450000E+04   0.73450000E+04   0.73450000E+04
   0.73450000E+04   0.73450000E+04   0.73450000E+04   0.73450000E+04
   0.73450000E+04   0.73450000E+04   0.73450000E+04   0.73450000E+04
   0.73450000E+04   0.73450000E+04   0.73450000E+04   0.73450000E+04
   0.73450000E+04   0.73450000E+04   0.73450000E+04   0.73450000E+04
   0.73450000E+04   0.73450000E+04   0.73450000E+04   0.73450000E+04
   0.73450000E+04   0.73450000E+04   0.73450000E+04   0.73450000E+04
   0.73450000E+04   0.73450000E+04   0.73450000E+04   0.73450000E+04
   0.73450000E+04   0.73450000E+04   0.73450000E+04   0.73450000E+04
   0.73450000E+04   0.73450000E+04   0.73450000E+04   0.73450000E+04
   0.73450000E+04   0.73450000E+04   0.73450000E+04   0.73450000E+04
   0.73450000E+04   0.73450000E+04   0.73450000E+04   0.73450000E+04
   0.73450000E+04   0.73450000E+04   0.73450000E+04   0.73450000E+04
   0.73450000E+04   0.73450000E+04   0.73450000E+04   0.73450000E+04
   0.73450000E+04   0.73450000E+04   0.73450000E+04   0.73450000E+04
   0.73450000E+04   0.73450000E+04   0.73450000E+04   0.73450000E+04
   0.73450000E+04   0.73450000E+04   0.73450000E+04   0.73450000E+04
   0.73450000E+04   0.73450000E+04   0.73450000E+04   0.73450000E+04
   0.73450000E+04   0.73450000E+04   0.73450000E+04   0.73450000E+04
   0.73450000E+04   0.73450000E+04   0.73450000E+04   0.73450000E+04
   0.73450000E+04   0.73450000E+04   0.73450000E+04   0.73450000E+04
   0.73450000E+04   0.73450000E+04   0.73450000E+04   0.73450000E+04
   0.73450000E+04   0.73450000E+04   0.73450000E+04   0.73450000E+04
   0.73450000E+04   0.73450000E+04   0.73450000E+04   0.73450000E+04
   0.73450000E+04   0.73450000E+04   0.73450000E+04   0.73450000E+04
   0.73450000E+04   0.73450000E+04   0.73450000E+04   0.73450000E+04
   0.73450000E+04   0.73450000E+04   0.73450000E+04   0.73450000E+04
   0.73450000E+04   0.73450000E+04   0.73450000E+04   0.73450000E+04
   0.73450000E+04   0.73450000E+04   0.73450000E+04   0.73450000E+04
   0.73450000E+04   0.73450000E+04   0.73450000E+04   0.73450000E+04
   0.73450000E+04   0.73450000E+04   0.73450000E+04   0.73450000E+04
   0.73450000E+04   0.73450000E+04   0.73450000E+04   0.73450000E+04
   0.73450000E+04   0.73450000E+04   0.73450000E+04   0.73450000E+04
   0.73450000E+04   0.73450000E+04   0.73450000E+04   0.73450000E+04
   0.73450000E+04   0.73450000E+04   0.73450000E+04   0.73450000E+04
   0.73450000E+04   0.73450000E+04   0.73450000E+04   0.73450000E+04
   0.73450000E+04   0.73450000E+04   0.73450000E+04   0.73450000E+04
   0.73450000E+04   0.73450000E+04   0.73450000E+04   0.73450000E+04
   0.73450000E+04   0.73450000E+04   0.73450000E+04   0.73450000E+04
   0.73450000E+04   0.73450000E+04   0.73450000E+04   0.73450000E+04
   0.73450000E+04   0.73450000E+04   0.73450000E+04   0.73450000E+04
   0.73450000E+04   0.73450000E+04   0.73450000E+04   0.73450000E+04
   0.73450000E+04   0.73450000E+04   0.73450000E+04   0.73450000E+04
   0.73450000E+04   0.73450000E+04   0.73450000E+04   0.73450000E+04
   0.73450000E+04   0.73450000E+04   0.73450000E+04   0.73450000E+04
   0.73450000E+04   0.73450000E+04   0.73450000E+04   0.73450000E+04
   0.73450000E+04   0.73450000E+04   0.73450000E+04   0.73450000E+04
   0.73450000E+04   0.73450000E+04   0.73450000E+04   0.73450000E+04
   0.73450000E+04   0.73450000E+04   0.73450000E+04   0.73450000E+04
   0.73450000E+04   0.73450000E+04   0.73450000E+04   0.73450000E+04
   0.73450000E+04   0.73450000E+04   0.73450000E+04   0.73450000E+04
   0.73450000E+04   0.73450000E+04   0.73450000E+04   0.73450000E+04
   0.73450000E+04   0.73450000E+04   0.73450000E+04   0.73450000E+04
   0.73450000E+04   0.73450000E+04   0.73450000E+04   0.73450000E+04
   0.73450000E+04   0.73450000E+04   0.73450000E+04   0.73450000E+04
   0.73450000E+04   0.73450000E+04   0.73450000E+04   0.73450000E+04
   0.73450000E+04   0.73450000E+04   0.73450000E+04   0.73450000E+04
   0.73450000E+04   0.73450000E+04   0.73450000E+04   0.73450000E+04
   0.73450000E+04   0.73450000E+04   0.73450000E+04   0.73450000E+04
   0.73450000E+04   0.73450000E+04   0.73450000E+04   0.73450000E+04
   0.73450000E+04   0.73450000E+04   0.73450000E+04   0.73450000E+04
   0.73450000E+04   0.73450000E+04   0.73450000E+04   0.73450000E+04
   0.73450000E+04   0.73450000E+04   0.73450000E+04   0.73450000E+04
   0.73450000E+04   0.73450000E+04   0.73450000E+04   0.73450000E+04
   0.73450000E+04   0.73450000E+04   0.73450000E+04   0.73450000E+04
   0.73450000E+04   0.73450000E+04   0.73450000E+04   0.73450000E+04
   0.73450000E+04   0.73450000E+04   0.73450000E+04   0.73450000E+04
   0.73450000E+04   0.73450000E+04   0.73450000E+04   0.73450000E+04
   0.73450000E+04   0.73450000E+04   0.73450000E+04   0.73450000E+04
   0.73450000E+04   0.73450000E+04   0.73450000E+04   0.73450000E+04
   0.73450000E+04   0.73450000E+04   0.73450000E+04   0.73450000E+04
   0.73450000E+04   0.73450000E+04   0.73450000E+04   0.73450000E+04
   0.73450000E+04   0.73450000E+04   0.73450000E+04   0.73450000E+04
   0.73450000E+04   0.73450000E+04   0.73450000E+04   0.73450000E+04
   0.73450000E+04   0.73450000E+04   0.73450000E+04   0.73450000E+04
   0.73450000E+04   0.73450000E+04   0.73450000E+04   0.73450000E+04
   0.73450000E+04   0.73450000E+04   0.73450000E+04   0.73450000E+04
   0.73450000E+04   0.73450000E+04   0.73450000E+04   0.73450000E+04
   0.73450000E+04   0.73450000E+04   0.73450000E+04   0.73450000E+04
   0.73450000E+04   0.73450000E+04   0.73450000E+04   0.73450000E+04
   0.73450000E+04   0.73450000E+04   0.73450000E+04   0.73450000E+04
   0.73450000E+04   0.73450000E+04   0.73450000E+04   0.73450000E+04
   0.73450000E+04   0.73450000E+04   0.73450000E+04   0.73450000E+04
   0.73450000E+04   0.73450000E+04   0.73450000E+04   0.73450000E+04
   0.73450000E+04   0.73450000E+04   0.73450000E+04   0.73450000E+04
   0.73450000E+04   0.73450000E+04   0.73450000E+04   0.73450000E+04
   0.73450000E+04   0.73450000E+04   0.73450000E+04   0.73450000E+04
   0.73450000E+04   0.73450000E+04   0.73450000E+04   0.73450000E+04
   0.73450000E+04   0.73450000E+04   0.73450000E+04   0.73450000E+04
   0.73450000E+04   0.73450000E+04   0.73450000E+04   0.73450000E+04
   0.73450000E+04   0.73450000E+04   0.73450000E+04   0.73450000E+04
   0.73450000E+04   0.73450000E+04   0.73450000E+04   0.73450000E+04
   0.73450000E+04   0.73450000E+04   0.73450000E+04   0.73450000E+04
   0.73450000E+04   0.73450000E+04   0.73450000E+04   0.73450000E+04
   0.73450000E+04   0.73450000E+04   0.73450000E+04   0.73450000E+04
   0.73450000E+04   0.73450000E+04   0.73450000E+04   0.73450000E+04
   0.73450000E+04   0.73450000E+04   0.73450000E+04   0.73450000E+04
   0.73450000E+04   0.73450000E+04   0.73450000E+04   0.73450000E+04
   0.73450000E+04   0.73450000E+04   0.73450000E+04   0.73450000E+04
   0.73450000E+04   0.73450000E+04   0.73450000E+04   0.73450000E+04
   0.73450000E+04   0.73450000E+04   0.73450000E+04   0.73450000E+04
   0.73450000E+04   0.73450000E+04   0.73450000E+04   0.73450000E+04
   0.73450000E+04   0.73450000E+04   0.73450000E+04   0.73450000E+04
   0.73450000E+04   0.73450000E+04   0.73450000E+04   0.73450000E+04
   0.73450000E+04   0.73450000E+04   0.73450000E+04   0.73450000E+04
   0.73450000E+04   0.73450000E+04   0.73450000E+04   0.73450000E+04
   0.73450000E+04   0.73450000E+04   0.73450000E+04   0.73450000E+04
   0.73450000E+04   0.73450000E+04   0.73450000E+04   0.73450000E+04
   0.73450000E+04   0.73450000E+04   0.73450000E+04   0.73450000E+04
   0.73450000E+04   0.73450000E+04   0.73450000E+04   0.73450000E+04
   0.73450000E+04   0.73450000E+04   0.73450000E+04   0.73450000E+04
   0.73450000E+04   0.73450000E+04   0.73450000E+04   0.73450000E+04
   0.73450000E+04   0.73450000E+04   0.73450000E+04   0.73450000E+04
   0.73450000E+04   0.73450000E+04   0.73450000E+04   0.73450000E+04
   0.73450000E+04   0.73450000E+04   0.73450000E+04   0.73450000E+04
   0.73450000E+04   0.73450000E+04   0.73450000E+04   0.73450000E+04
   0.73450000E+04   0.73450000E+04   0.73450000E+04   0.73450000E+04
   0.73450000E+04   0.73450000E+04   0.73450000E+04   0.73450000E+04
   0.73450000E+04   0.73450000E+04   0.73450000E+04   0.73450000E+04
   0.73450000E+04   0.73450000E+04   0.73450000E+04   0.73450000E+04
   0.73450000E+04   0.73450000E+04   0.73450000E+04   0.73450000E+04
   0.73750000E+04   0.73750000E+04   0.73750000E+04   0.73750000E+04
   0.73750000E+04   0.73750000E+04   0.73750000E+04   0.73750000E+04
   0.73750000E+04   0.73750000E+04   0.73750000E+04   0.73750000E+04
   0.73750000E+04   0.73750000E+04   0.73750000E+04   0.73750000E+04
   0.73750000E+04   0.73750000E+04   0.73750000E+04   0.73750000E+04
   0.73750000E+04   0.73750000E+04   0.73750000E+04   0.73750000E+04
   0.73750000E+04   0.73750000E+04   0.73750000E+04   0.73750000E+04
   0.73750000E+04   0.73750000E+04   0.73750000E+04   0.73750000E+04
   0.73750000E+04   0.73750000E+04   0.73750000E+04   0.73750000E+04
   0.73750000E+04   0.73750000E+04   0.73750000E+04   0.73750000E+04
   0.73750000E+04   0.73750000E+04   0.73750000E+04   0.73750000E+04
   0.73750000E+04   0.73750000E+04   0.73750000E+04   0.73750000E+04
   0.73750000E+04   0.73750000E+04   0.73750000E+04   0.73750000E+04
   0.73750000E+04   0.73750000E+04   0.73750000E+04   0.73750000E+04
   0.73750000E+04   0.73750000E+04   0.73750000E+04   0.73750000E+04
   0.73750000E+04   0.73750000E+04   0.73750000E+04   0.73750000E+04
   0.73750000E+04   0.73750000E+04   0.73750000E+04   0.73750000E+04
   0.73750000E+04   0.73750000E+04   0.73750000E+04   0.73750000E+04
   0.73750000E+04   0.73750000E+04   0.73750000E+04   0.73750000E+04
   0.73750000E+04   0.73750000E+04   0.73750000E+04   0.73750000E+04
   0.73750000E+04   0.73750000E+04   0.73750000E+04   0.73750000E+04
   0.73750000E+04   0.73750000E+04   0.73750000E+04   0.73750000E+04
   0.73750000E+04   0.73750000E+04   0.73750000E+04   0.73750000E+04
   0.73750000E+04   0.73750000E+04   0.73750000E+04   0.73750000E+04
   0.73750000E+04   0.73750000E+04   0.73750000E+04   0.73750000E+04
   0.73750000E+04   0.73750000E+04   0.73750000E+04   0.73750000E+04
   0.73750000E+04   0.73750000E+04   0.73750000E+04   0.73750000E+04
   0.73750000E+04   0.73750000E+04   0.73750000E+04   0.73750000E+04
   0.73750000E+04   0.73750000E+04   0.73750000E+04   0.73750000E+04
   0.73750000E+04   0.73750000E+04   0.73750000E+04   0.73750000E+04
   0.73750000E+04   0.73750000E+04   0.73750000E+04   0.73750000E+04
   0.73750000E+04   0.73750000E+04   0.73750000E+04   0.73750000E+04
   0.73750000E+04   0.73750000E+04   0.73750000E+04   0.73750000E+04
   0.73750000E+04   0.73750000E+04   0.73750000E+04   0.73750000E+04
   0.73750000E+04   0.73750000E+04   0.73750000E+04   0.73750000E+04
   0.73750000E+04   0.73750000E+04   0.73750000E+04   0.73750000E+04
   0.73750000E+04   0.73750000E+04   0.73750000E+04   0.73750000E+04
   0.73750000E+04   0.73750000E+04   0.73750000E+04   0.73750000E+04
   0.73750000E+04   0.73750000E+04   0.73750000E+04   0.73750000E+04
   0.73750000E+04   0.73750000E+04   0.73750000E+04   0.73750000E+04
   0.73750000E+04   0.73750000E+04   0.73750000E+04   0.73750000E+04
   0.73750000E+04   0.73750000E+04   0.73750000E+04   0.73750000E+04
   0.73750000E+04   0.73750000E+04   0.73750000E+04   0.73750000E+04
   0.73750000E+04   0.73750000E+04   0.73750000E+04   0.73750000E+04
   0.73750000E+04   0.73750000E+04   0.73750000E+04   0.73750000E+04
   0.73750000E+04   0.73750000E+04   0.73750000E+04   0.73750000E+04
   0.73750000E+04   0.73750000E+04   0.73750000E+04   0.73750000E+04
   0.73750000E+04   0.73750000E+04   0.73750000E+04   0.73750000E+04
   0.73750000E+04   0.73750000E+04   0.73750000E+04   0.73750000E+04
   0.73750000E+04   0.73750000E+04   0.73750000E+04   0.73750000E+04
   0.73750000E+04   0.73750000E+04   0.73750000E+04   0.73750000E+04
   0.73750000E+04   0.73750000E+04   0.73750000E+04   0.73750000E+04
   0.73750000E+04   0.73750000E+04   0.73750000E+04   0.73750000E+04
   0.73750000E+04   0.73750000E+04   0.73750000E+04   0.73750000E+04
   0.73750000E+04   0.73750000E+04   0.73750000E+04   0.73750000E+04
   0.73750000E+04   0.73750000E+04   0.73750000E+04   0.73750000E+04
   0.73750000E+04   0.73750000E+04   0.73750000E+04   0.73750000E+04
   0.73750000E+04   0.73750000E+04   0.73750000E+04   0.73750000E+04
   0.73750000E+04   0.73750000E+04   0.73750000E+04   0.73750000E+04
   0.73750000E+04   0.73750000E+04   0.73750000E+04   0.73750000E+04
   0.73750000E+04   0.73750000E+04   0.73750000E+04   0.73750000E+04
   0.73750000E+04   0.73750000E+04   0.73750000E+04   0.73750000E+04
   0.73750000E+04   0.73750000E+04   0.73750000E+04   0.73750000E+04
   0.73750000E+04   0.73750000E+04   0.73750000E+04   0.73750000E+04
   0.73750000E+04   0.73750000E+04   0.73750000E+04   0.73750000E+04
   0.73750000E+04   0.73750000E+04   0.73750000E+04   0.73750000E+04
   0.73750000E+04   0.73750000E+04   0.73750000E+04   0.73750000E+04
   0.73750000E+04   0.73750000E+04   0.73750000E+04   0.73750000E+04
   0.73750000E+04   0.73750000E+04   0.73750000E+04   0.73750000E+04
   0.73750000E+04   0.73750000E+04   0.73750000E+04   0.73750000E+04
   0.73750000E+04   0.73750000E+04   0.73750000E+04   0.73750000E+04
   0.73750000E+04   0.73750000E+04   0.73750000E+04   0.73750000E+04
   0.73750000E+04   0.73750000E+04   0.73750000E+04   0.73750000E+04
   0.73750000E+04   0.73750000E+04   0.73750000E+04   0.73750000E+04
   0.73750000E+04   0.73750000E+04   0.73750000E+04   0.73750000E+04
   0.73750000E+04   0.73750000E+04   0.73750000E+04   0.73750000E+04
   0.73750000E+04   0.73750000E+04   0.73750000E+04   0.73750000E+04
   0.73750000E+04   0.73750000E+04   0.73750000E+04   0.73750000E+04
   0.73750000E+04   0.73750000E+04   0.73750000E+04   0.73750000E+04
   0.73750000E+04   0.73750000E+04   0.73750000E+04   0.73750000E+04
   0.73750000E+04   0.73750000E+04   0.73750000E+04   0.73750000E+04
   0.73750000E+04   0.73750000E+04   0.73750000E+04   0.73750000E+04
   0.73750000E+04   0.73750000E+04   0.73750000E+04   0.73750000E+04
   0.73750000E+04   0.73750000E+04   0.73750000E+04   0.73750000E+04
   0.73750000E+04   0.73750000E+04   0.73750000E+04   0.73750000E+04
   0.73750000E+04   0.73750000E+04   0.73750000E+04   0.73750000E+04
   0.73750000E+04   0.73750000E+04   0.73750000E+04   0.73750000E+04
   0.73750000E+04   0.73750000E+04   0.73750000E+04   0.73750000E+04
   0.73750000E+04   0.73750000E+04   0.73750000E+04   0.73750000E+04
   0.73750000E+04   0.73750000E+04   0.73750000E+04   0.73750000E+04
   0.73750000E+04   0.73750000E+04   0.73750000E+04   0.73750000E+04
   0.73750000E+04   0.73750000E+04   0.73750000E+04   0.73750000E+04
   0.73750000E+04   0.73750000E+04   0.73750000E+04   0.73750000E+04
   0.73750000E+04   0.73750000E+04   0.73750000E+04   0.73750000E+04
   0.73750000E+04   0.73750000E+04   0.73750000E+04   0.73750000E+04
   0.73750000E+04   0.73750000E+04   0.73750000E+04   0.73750000E+04
   0.73750000E+04   0.73750000E+04   0.73750000E+04   0.73750000E+04
   0.73750000E+04   0.73750000E+04   0.73750000E+04   0.73750000E+04
   0.73750000E+04   0.73750000E+04   0.73750000E+04   0.73750000E+04
   0.73750000E+04   0.73750000E+04   0.73750000E+04   0.73750000E+04
   0.73750000E+04   0.73750000E+04   0.73750000E+04   0.73750000E+04
   0.73750000E+04   0.73750000E+04   0.73750000E+04   0.73750000E+04
   0.73750000E+04   0.73750000E+04   0.73750000E+04   0.73750000E+04
   0.73750000E+04   0.73750000E+04   0.73750000E+04   0.73750000E+04
   0.73750000E+04   0.73750000E+04   0.73750000E+04   0.73750000E+04
   0.73750000E+04   0.73750000E+04   0.73750000E+04   0.73750000E+04
   0.73750000E+04   0.73750000E+04   0.73750000E+04   0.73750000E+04
   0.73750000E+04   0.73750000E+04   0.73750000E+04   0.73750000E+04
   0.73750000E+04   0.73750000E+04   0.73750000E+04   0.73750000E+04
   0.73750000E+04   0.73750000E+04   0.73750000E+04   0.73750000E+04
   0.73750000E+04   0.73750000E+04   0.73750000E+04   0.73750000E+04
   0.73750000E+04   0.73750000E+04   0.73750000E+04   0.73750000E+04
   0.73750000E+04   0.73750000E+04   0.73750000E+04   0.73750000E+04
   0.73750000E+04   0.73750000E+04   0.73750000E+04   0.73750000E+04
   0.73750000E+04   0.73750000E+04   0.73750000E+04   0.73750000E+04
   0.73750000E+04   0.73750000E+04   0.73750000E+04   0.73750000E+04
   0.73750000E+04   0.73750000E+04   0.73750000E+04   0.73750000E+04
   0.73750000E+04   0.73750000E+04   0.73750000E+04   0.73750000E+04
   0.73750000E+04   0.73750000E+04   0.73750000E+04   0.73750000E+04
   0.73750000E+04   0.73750000E+04   0.73750000E+04   0.73750000E+04
   0.73750000E+04   0.73750000E+04   0.73750000E+04   0.73750000E+04
   0.73750000E+04   0.73750000E+04   0.73750000E+04   0.73750000E+04
   0.73750000E+04   0.73750000E+04   0.73750000E+04   0.73750000E+04
   0.73750000E+04   0.73750000E+04   0.73750000E+04   0.73750000E+04
   0.73750000E+04   0.73750000E+04   0.73750000E+04   0.73750000E+04
   0.73750000E+04   0.73750000E+04   0.73750000E+04   0.73750000E+04
   0.73750000E+04   0.73750000E+04   0.73750000E+04   0.73750000E+04
   0.73750000E+04   0.73750000E+04   0.73750000E+04   0.73750000E+04
   0.73750000E+04   0.73750000E+04   0.73750000E+04   0.73750000E+04
   0.73750000E+04   0.73750000E+04   0.73750000E+04   0.73750000E+04
   0.73750000E+04   0.73750000E+04   0.73750000E+04   0.73750000E+04
   0.73750000E+04   0.73750000E+04   0.73750000E+04   0.73750000E+04
   0.73750000E+04   0.73750000E+04   0.73750000E+04   0.73750000E+04
   0.73750000E+04   0.73750000E+04   0.73750000E+04   0.73750000E+04
   0.73750000E+04   0.73750000E+04   0.73750000E+04   0.73750000E+04
   0.73750000E+04   0.73750000E+04   0.73750000E+04   0.73750000E+04
   0.73750000E+04   0.73750000E+04   0.73750000E+04   0.73750000E+04
   0.73750000E+04   0.73750000E+04   0.73750000E+04   0.73750000E+04
   0.73750000E+04   0.73750000E+04   0.73750000E+04   0.73750000E+04
   0.73750000E+04   0.73750000E+04   0.73750000E+04   0.73750000E+04
   0.73750000E+04   0.73750000E+04   0.73750000E+04   0.73750000E+04
   0.73750000E+04   0.73750000E+04   0.73750000E+04   0.73750000E+04
   0.73750000E+04   0.73750000E+04   0.73750000E+04   0.73750000E+04
   0.73750000E+04   0.73750000E+04   0.73750000E+04   0.73750000E+04
   0.73750000E+04   0.73750000E+04   0.73750000E+04   0.73750000E+04
   0.73750000E+04   0.73750000E+04   0.73750000E+04   0.73750000E+04
   0.73750000E+04   0.73750000E+04   0.73750000E+04   0.73750000E+04
