 'DIMENS  '           3 'INTE'
           9           9           4
 'GRIDUNIT'           2 'CHAR'
 'FEET    ' '        '
 'GDORIENT'           5 'CHAR'
 'INC     ' 'INC     ' 'INC     ' 'DOWN    ' 'RIGHT   '
 'RADIAL  '           1 'CHAR'
 'FALSE   '
 'COORDS  '           7 'INTE'
           1           1           1           1           1           0
           0
 'CORNERS '          24 'REAL'
   0.00000000E+00   0.00000000E+00   0.73150000E+04   0.29329999E+03
   0.00000000E+00   0.73150000E+04   0.00000000E+00   0.29329999E+03
   0.73150000E+04   0.29329999E+03   0.29329999E+03   0.73150000E+04
   0.00000000E+00   0.00000000E+00   0.73450000E+04   0.29329999E+03
   0.00000000E+00   0.73450000E+04   0.00000000E+00   0.29329999E+03
   0.73450000E+04   0.29329999E+03   0.29329999E+03   0.73450000E+04
 'COORDS  '           7 'INTE'
           2           1           1           2           1           0
           0
 'CORNERS '          24 'REAL'
   0.29329999E+03   0.00000000E+00   0.73150000E+04   0.58659998E+03
   0.00000000E+00   0.73150000E+04   0.29329999E+03   0.29329999E+03
   0.73150000E+04   0.58659998E+03   0.29329999E+03   0.73150000E+04
   0.29329999E+03   0.00000000E+00   0.73450000E+04   0.58659998E+03
   0.00000000E+00   0.73450000E+04   0.29329999E+03   0.29329999E+03
   0.73450000E+04   0.58659998E+03   0.29329999E+03   0.73450000E+04
 'COORDS  '           7 'INTE'
           3           1           1           3           1           0
           0
 'CORNERS '          24 'REAL'
   0.58659998E+03   0.00000000E+00   0.73150000E+04   0.87990002E+03
   0.00000000E+00   0.73150000E+04   0.58659998E+03   0.29329999E+03
   0.73150000E+04   0.87990002E+03   0.29329999E+03   0.73150000E+04
   0.58659998E+03   0.00000000E+00   0.73450000E+04   0.87990002E+03
   0.00000000E+00   0.73450000E+04   0.58659998E+03   0.29329999E+03
   0.73450000E+04   0.87990002E+03   0.29329999E+03   0.73450000E+04
 'COORDS  '           7 'INTE'
           4           1           1           4           1           0
           0
 'CORNERS '          24 'REAL'
   0.87990002E+03   0.00000000E+00   0.73150000E+04   0.11732000E+04
   0.00000000E+00   0.73150000E+04   0.87990002E+03   0.29329999E+03
   0.73150000E+04   0.11732000E+04   0.29329999E+03   0.73150000E+04
   0.87990002E+03   0.00000000E+00   0.73450000E+04   0.11732000E+04
   0.00000000E+00   0.73450000E+04   0.87990002E+03   0.29329999E+03
   0.73450000E+04   0.11732000E+04   0.29329999E+03   0.73450000E+04
 'COORDS  '           7 'INTE'
           5           1           1           5           1           0
           0
 'CORNERS '          24 'REAL'
   0.11732000E+04   0.00000000E+00   0.73150000E+04   0.14665000E+04
   0.00000000E+00   0.73150000E+04   0.11732000E+04   0.29329999E+03
   0.73150000E+04   0.14665000E+04   0.29329999E+03   0.73150000E+04
   0.11732000E+04   0.00000000E+00   0.73450000E+04   0.14665000E+04
   0.00000000E+00   0.73450000E+04   0.11732000E+04   0.29329999E+03
   0.73450000E+04   0.14665000E+04   0.29329999E+03   0.73450000E+04
 'COORDS  '           7 'INTE'
           6           1           1           6           1           0
           0
 'CORNERS '          24 'REAL'
   0.14665000E+04   0.00000000E+00   0.73150000E+04   0.17598000E+04
   0.00000000E+00   0.73150000E+04   0.14665000E+04   0.29329999E+03
   0.73150000E+04   0.17598000E+04   0.29329999E+03   0.73150000E+04
   0.14665000E+04   0.00000000E+00   0.73450000E+04   0.17598000E+04
   0.00000000E+00   0.73450000E+04   0.14665000E+04   0.29329999E+03
   0.73450000E+04   0.17598000E+04   0.29329999E+03   0.73450000E+04
 'COORDS  '           7 'INTE'
           7           1           1           7           1           0
           0
 'CORNERS '          24 'REAL'
   0.17598000E+04   0.00000000E+00   0.73150000E+04   0.20531001E+04
   0.00000000E+00   0.73150000E+04   0.17598000E+04   0.29329999E+03
   0.73150000E+04   0.20531001E+04   0.29329999E+03   0.73150000E+04
   0.17598000E+04   0.00000000E+00   0.73450000E+04   0.20531001E+04
   0.00000000E+00   0.73450000E+04   0.17598000E+04   0.29329999E+03
   0.73450000E+04   0.20531001E+04   0.29329999E+03   0.73450000E+04
 'COORDS  '           7 'INTE'
           8           1           1           8           1           0
           0
 'CORNERS '          24 'REAL'
   0.20531001E+04   0.00000000E+00   0.73150000E+04   0.23463999E+04
   0.00000000E+00   0.73150000E+04   0.20531001E+04   0.29329999E+03
   0.73150000E+04   0.23463999E+04   0.29329999E+03   0.73150000E+04
   0.20531001E+04   0.00000000E+00   0.73450000E+04   0.23463999E+04
   0.00000000E+00   0.73450000E+04   0.20531001E+04   0.29329999E+03
   0.73450000E+04   0.23463999E+04   0.29329999E+03   0.73450000E+04
 'COORDS  '           7 'INTE'
           9           1           1           9           1           0
           0
 'CORNERS '          24 'REAL'
   0.23463999E+04   0.00000000E+00   0.73150000E+04   0.26397000E+04
   0.00000000E+00   0.73150000E+04   0.23463999E+04   0.29329999E+03
   0.73150000E+04   0.26397000E+04   0.29329999E+03   0.73150000E+04
   0.23463999E+04   0.00000000E+00   0.73450000E+04   0.26397000E+04
   0.00000000E+00   0.73450000E+04   0.23463999E+04   0.29329999E+03
   0.73450000E+04   0.26397000E+04   0.29329999E+03   0.73450000E+04
 'COORDS  '           7 'INTE'
           1           2           1          10           1           0
           0
 'CORNERS '          24 'REAL'
   0.00000000E+00   0.29329999E+03   0.73150000E+04   0.29329999E+03
   0.29329999E+03   0.73150000E+04   0.00000000E+00   0.58659998E+03
   0.73150000E+04   0.29329999E+03   0.58659998E+03   0.73150000E+04
   0.00000000E+00   0.29329999E+03   0.73450000E+04   0.29329999E+03
   0.29329999E+03   0.73450000E+04   0.00000000E+00   0.58659998E+03
   0.73450000E+04   0.29329999E+03   0.58659998E+03   0.73450000E+04
 'COORDS  '           7 'INTE'
           2           2           1          11           1           0
           0
 'CORNERS '          24 'REAL'
   0.29329999E+03   0.29329999E+03   0.73150000E+04   0.58659998E+03
   0.29329999E+03   0.73150000E+04   0.29329999E+03   0.58659998E+03
   0.73150000E+04   0.58659998E+03   0.58659998E+03   0.73150000E+04
   0.29329999E+03   0.29329999E+03   0.73450000E+04   0.58659998E+03
   0.29329999E+03   0.73450000E+04   0.29329999E+03   0.58659998E+03
   0.73450000E+04   0.58659998E+03   0.58659998E+03   0.73450000E+04
 'COORDS  '           7 'INTE'
           3           2           1          12           1           0
           0
 'CORNERS '          24 'REAL'
   0.58659998E+03   0.29329999E+03   0.73150000E+04   0.87990002E+03
   0.29329999E+03   0.73150000E+04   0.58659998E+03   0.58659998E+03
   0.73150000E+04   0.87990002E+03   0.58659998E+03   0.73150000E+04
   0.58659998E+03   0.29329999E+03   0.73450000E+04   0.87990002E+03
   0.29329999E+03   0.73450000E+04   0.58659998E+03   0.58659998E+03
   0.73450000E+04   0.87990002E+03   0.58659998E+03   0.73450000E+04
 'COORDS  '           7 'INTE'
           4           2           1          13           1           0
           0
 'CORNERS '          24 'REAL'
   0.87990002E+03   0.29329999E+03   0.73150000E+04   0.11732000E+04
   0.29329999E+03   0.73150000E+04   0.87990002E+03   0.58659998E+03
   0.73150000E+04   0.11732000E+04   0.58659998E+03   0.73150000E+04
   0.87990002E+03   0.29329999E+03   0.73450000E+04   0.11732000E+04
   0.29329999E+03   0.73450000E+04   0.87990002E+03   0.58659998E+03
   0.73450000E+04   0.11732000E+04   0.58659998E+03   0.73450000E+04
 'COORDS  '           7 'INTE'
           5           2           1          14           1           0
           0
 'CORNERS '          24 'REAL'
   0.11732000E+04   0.29329999E+03   0.73150000E+04   0.14665000E+04
   0.29329999E+03   0.73150000E+04   0.11732000E+04   0.58659998E+03
   0.73150000E+04   0.14665000E+04   0.58659998E+03   0.73150000E+04
   0.11732000E+04   0.29329999E+03   0.73450000E+04   0.14665000E+04
   0.29329999E+03   0.73450000E+04   0.11732000E+04   0.58659998E+03
   0.73450000E+04   0.14665000E+04   0.58659998E+03   0.73450000E+04
 'COORDS  '           7 'INTE'
           6           2           1          15           1           0
           0
 'CORNERS '          24 'REAL'
   0.14665000E+04   0.29329999E+03   0.73150000E+04   0.17598000E+04
   0.29329999E+03   0.73150000E+04   0.14665000E+04   0.58659998E+03
   0.73150000E+04   0.17598000E+04   0.58659998E+03   0.73150000E+04
   0.14665000E+04   0.29329999E+03   0.73450000E+04   0.17598000E+04
   0.29329999E+03   0.73450000E+04   0.14665000E+04   0.58659998E+03
   0.73450000E+04   0.17598000E+04   0.58659998E+03   0.73450000E+04
 'COORDS  '           7 'INTE'
           7           2           1          16           1           0
           0
 'CORNERS '          24 'REAL'
   0.17598000E+04   0.29329999E+03   0.73150000E+04   0.20531001E+04
   0.29329999E+03   0.73150000E+04   0.17598000E+04   0.58659998E+03
   0.73150000E+04   0.20531001E+04   0.58659998E+03   0.73150000E+04
   0.17598000E+04   0.29329999E+03   0.73450000E+04   0.20531001E+04
   0.29329999E+03   0.73450000E+04   0.17598000E+04   0.58659998E+03
   0.73450000E+04   0.20531001E+04   0.58659998E+03   0.73450000E+04
 'COORDS  '           7 'INTE'
           8           2           1          17           1           0
           0
 'CORNERS '          24 'REAL'
   0.20531001E+04   0.29329999E+03   0.73150000E+04   0.23463999E+04
   0.29329999E+03   0.73150000E+04   0.20531001E+04   0.58659998E+03
   0.73150000E+04   0.23463999E+04   0.58659998E+03   0.73150000E+04
   0.20531001E+04   0.29329999E+03   0.73450000E+04   0.23463999E+04
   0.29329999E+03   0.73450000E+04   0.20531001E+04   0.58659998E+03
   0.73450000E+04   0.23463999E+04   0.58659998E+03   0.73450000E+04
 'COORDS  '           7 'INTE'
           9           2           1          18           1           0
           0
 'CORNERS '          24 'REAL'
   0.23463999E+04   0.29329999E+03   0.73150000E+04   0.26397000E+04
   0.29329999E+03   0.73150000E+04   0.23463999E+04   0.58659998E+03
   0.73150000E+04   0.26397000E+04   0.58659998E+03   0.73150000E+04
   0.23463999E+04   0.29329999E+03   0.73450000E+04   0.26397000E+04
   0.29329999E+03   0.73450000E+04   0.23463999E+04   0.58659998E+03
   0.73450000E+04   0.26397000E+04   0.58659998E+03   0.73450000E+04
 'COORDS  '           7 'INTE'
           1           3           1          19           1           0
           0
 'CORNERS '          24 'REAL'
   0.00000000E+00   0.58659998E+03   0.73150000E+04   0.29329999E+03
   0.58659998E+03   0.73150000E+04   0.00000000E+00   0.87990002E+03
   0.73150000E+04   0.29329999E+03   0.87990002E+03   0.73150000E+04
   0.00000000E+00   0.58659998E+03   0.73450000E+04   0.29329999E+03
   0.58659998E+03   0.73450000E+04   0.00000000E+00   0.87990002E+03
   0.73450000E+04   0.29329999E+03   0.87990002E+03   0.73450000E+04
 'COORDS  '           7 'INTE'
           2           3           1          20           1           0
           0
 'CORNERS '          24 'REAL'
   0.29329999E+03   0.58659998E+03   0.73150000E+04   0.58659998E+03
   0.58659998E+03   0.73150000E+04   0.29329999E+03   0.87990002E+03
   0.73150000E+04   0.58659998E+03   0.87990002E+03   0.73150000E+04
   0.29329999E+03   0.58659998E+03   0.73450000E+04   0.58659998E+03
   0.58659998E+03   0.73450000E+04   0.29329999E+03   0.87990002E+03
   0.73450000E+04   0.58659998E+03   0.87990002E+03   0.73450000E+04
 'COORDS  '           7 'INTE'
           3           3           1          21           1           0
           0
 'CORNERS '          24 'REAL'
   0.58659998E+03   0.58659998E+03   0.73150000E+04   0.87990002E+03
   0.58659998E+03   0.73150000E+04   0.58659998E+03   0.87990002E+03
   0.73150000E+04   0.87990002E+03   0.87990002E+03   0.73150000E+04
   0.58659998E+03   0.58659998E+03   0.73450000E+04   0.87990002E+03
   0.58659998E+03   0.73450000E+04   0.58659998E+03   0.87990002E+03
   0.73450000E+04   0.87990002E+03   0.87990002E+03   0.73450000E+04
 'COORDS  '           7 'INTE'
           4           3           1          22           1           0
           0
 'CORNERS '          24 'REAL'
   0.87990002E+03   0.58659998E+03   0.73150000E+04   0.11732000E+04
   0.58659998E+03   0.73150000E+04   0.87990002E+03   0.87990002E+03
   0.73150000E+04   0.11732000E+04   0.87990002E+03   0.73150000E+04
   0.87990002E+03   0.58659998E+03   0.73450000E+04   0.11732000E+04
   0.58659998E+03   0.73450000E+04   0.87990002E+03   0.87990002E+03
   0.73450000E+04   0.11732000E+04   0.87990002E+03   0.73450000E+04
 'COORDS  '           7 'INTE'
           5           3           1          23           1           0
           0
 'CORNERS '          24 'REAL'
   0.11732000E+04   0.58659998E+03   0.73150000E+04   0.14665000E+04
   0.58659998E+03   0.73150000E+04   0.11732000E+04   0.87990002E+03
   0.73150000E+04   0.14665000E+04   0.87990002E+03   0.73150000E+04
   0.11732000E+04   0.58659998E+03   0.73450000E+04   0.14665000E+04
   0.58659998E+03   0.73450000E+04   0.11732000E+04   0.87990002E+03
   0.73450000E+04   0.14665000E+04   0.87990002E+03   0.73450000E+04
 'COORDS  '           7 'INTE'
           6           3           1          24           1           0
           0
 'CORNERS '          24 'REAL'
   0.14665000E+04   0.58659998E+03   0.73150000E+04   0.17598000E+04
   0.58659998E+03   0.73150000E+04   0.14665000E+04   0.87990002E+03
   0.73150000E+04   0.17598000E+04   0.87990002E+03   0.73150000E+04
   0.14665000E+04   0.58659998E+03   0.73450000E+04   0.17598000E+04
   0.58659998E+03   0.73450000E+04   0.14665000E+04   0.87990002E+03
   0.73450000E+04   0.17598000E+04   0.87990002E+03   0.73450000E+04
 'COORDS  '           7 'INTE'
           7           3           1          25           1           0
           0
 'CORNERS '          24 'REAL'
   0.17598000E+04   0.58659998E+03   0.73150000E+04   0.20531001E+04
   0.58659998E+03   0.73150000E+04   0.17598000E+04   0.87990002E+03
   0.73150000E+04   0.20531001E+04   0.87990002E+03   0.73150000E+04
   0.17598000E+04   0.58659998E+03   0.73450000E+04   0.20531001E+04
   0.58659998E+03   0.73450000E+04   0.17598000E+04   0.87990002E+03
   0.73450000E+04   0.20531001E+04   0.87990002E+03   0.73450000E+04
 'COORDS  '           7 'INTE'
           8           3           1          26           1           0
           0
 'CORNERS '          24 'REAL'
   0.20531001E+04   0.58659998E+03   0.73150000E+04   0.23463999E+04
   0.58659998E+03   0.73150000E+04   0.20531001E+04   0.87990002E+03
   0.73150000E+04   0.23463999E+04   0.87990002E+03   0.73150000E+04
   0.20531001E+04   0.58659998E+03   0.73450000E+04   0.23463999E+04
   0.58659998E+03   0.73450000E+04   0.20531001E+04   0.87990002E+03
   0.73450000E+04   0.23463999E+04   0.87990002E+03   0.73450000E+04
 'COORDS  '           7 'INTE'
           9           3           1          27           1           0
           0
 'CORNERS '          24 'REAL'
   0.23463999E+04   0.58659998E+03   0.73150000E+04   0.26397000E+04
   0.58659998E+03   0.73150000E+04   0.23463999E+04   0.87990002E+03
   0.73150000E+04   0.26397000E+04   0.87990002E+03   0.73150000E+04
   0.23463999E+04   0.58659998E+03   0.73450000E+04   0.26397000E+04
   0.58659998E+03   0.73450000E+04   0.23463999E+04   0.87990002E+03
   0.73450000E+04   0.26397000E+04   0.87990002E+03   0.73450000E+04
 'COORDS  '           7 'INTE'
           1           4           1          28           1           0
           0
 'CORNERS '          24 'REAL'
   0.00000000E+00   0.87990002E+03   0.73150000E+04   0.29329999E+03
   0.87990002E+03   0.73150000E+04   0.00000000E+00   0.11732000E+04
   0.73150000E+04   0.29329999E+03   0.11732000E+04   0.73150000E+04
   0.00000000E+00   0.87990002E+03   0.73450000E+04   0.29329999E+03
   0.87990002E+03   0.73450000E+04   0.00000000E+00   0.11732000E+04
   0.73450000E+04   0.29329999E+03   0.11732000E+04   0.73450000E+04
 'COORDS  '           7 'INTE'
           2           4           1          29           1           0
           0
 'CORNERS '          24 'REAL'
   0.29329999E+03   0.87990002E+03   0.73150000E+04   0.58659998E+03
   0.87990002E+03   0.73150000E+04   0.29329999E+03   0.11732000E+04
   0.73150000E+04   0.58659998E+03   0.11732000E+04   0.73150000E+04
   0.29329999E+03   0.87990002E+03   0.73450000E+04   0.58659998E+03
   0.87990002E+03   0.73450000E+04   0.29329999E+03   0.11732000E+04
   0.73450000E+04   0.58659998E+03   0.11732000E+04   0.73450000E+04
 'COORDS  '           7 'INTE'
           3           4           1          30           1           0
           0
 'CORNERS '          24 'REAL'
   0.58659998E+03   0.87990002E+03   0.73150000E+04   0.87990002E+03
   0.87990002E+03   0.73150000E+04   0.58659998E+03   0.11732000E+04
   0.73150000E+04   0.87990002E+03   0.11732000E+04   0.73150000E+04
   0.58659998E+03   0.87990002E+03   0.73450000E+04   0.87990002E+03
   0.87990002E+03   0.73450000E+04   0.58659998E+03   0.11732000E+04
   0.73450000E+04   0.87990002E+03   0.11732000E+04   0.73450000E+04
 'COORDS  '           7 'INTE'
           4           4           1          31           1           0
           0
 'CORNERS '          24 'REAL'
   0.87990002E+03   0.87990002E+03   0.73150000E+04   0.11732000E+04
   0.87990002E+03   0.73150000E+04   0.87990002E+03   0.11732000E+04
   0.73150000E+04   0.11732000E+04   0.11732000E+04   0.73150000E+04
   0.87990002E+03   0.87990002E+03   0.73450000E+04   0.11732000E+04
   0.87990002E+03   0.73450000E+04   0.87990002E+03   0.11732000E+04
   0.73450000E+04   0.11732000E+04   0.11732000E+04   0.73450000E+04
 'COORDS  '           7 'INTE'
           5           4           1          32           1           0
           0
 'CORNERS '          24 'REAL'
   0.11732000E+04   0.87990002E+03   0.73150000E+04   0.14665000E+04
   0.87990002E+03   0.73150000E+04   0.11732000E+04   0.11732000E+04
   0.73150000E+04   0.14665000E+04   0.11732000E+04   0.73150000E+04
   0.11732000E+04   0.87990002E+03   0.73450000E+04   0.14665000E+04
   0.87990002E+03   0.73450000E+04   0.11732000E+04   0.11732000E+04
   0.73450000E+04   0.14665000E+04   0.11732000E+04   0.73450000E+04
 'COORDS  '           7 'INTE'
           6           4           1          33           1           0
           0
 'CORNERS '          24 'REAL'
   0.14665000E+04   0.87990002E+03   0.73150000E+04   0.17598000E+04
   0.87990002E+03   0.73150000E+04   0.14665000E+04   0.11732000E+04
   0.73150000E+04   0.17598000E+04   0.11732000E+04   0.73150000E+04
   0.14665000E+04   0.87990002E+03   0.73450000E+04   0.17598000E+04
   0.87990002E+03   0.73450000E+04   0.14665000E+04   0.11732000E+04
   0.73450000E+04   0.17598000E+04   0.11732000E+04   0.73450000E+04
 'COORDS  '           7 'INTE'
           7           4           1          34           1           0
           0
 'CORNERS '          24 'REAL'
   0.17598000E+04   0.87990002E+03   0.73150000E+04   0.20531001E+04
   0.87990002E+03   0.73150000E+04   0.17598000E+04   0.11732000E+04
   0.73150000E+04   0.20531001E+04   0.11732000E+04   0.73150000E+04
   0.17598000E+04   0.87990002E+03   0.73450000E+04   0.20531001E+04
   0.87990002E+03   0.73450000E+04   0.17598000E+04   0.11732000E+04
   0.73450000E+04   0.20531001E+04   0.11732000E+04   0.73450000E+04
 'COORDS  '           7 'INTE'
           8           4           1          35           1           0
           0
 'CORNERS '          24 'REAL'
   0.20531001E+04   0.87990002E+03   0.73150000E+04   0.23463999E+04
   0.87990002E+03   0.73150000E+04   0.20531001E+04   0.11732000E+04
   0.73150000E+04   0.23463999E+04   0.11732000E+04   0.73150000E+04
   0.20531001E+04   0.87990002E+03   0.73450000E+04   0.23463999E+04
   0.87990002E+03   0.73450000E+04   0.20531001E+04   0.11732000E+04
   0.73450000E+04   0.23463999E+04   0.11732000E+04   0.73450000E+04
 'COORDS  '           7 'INTE'
           9           4           1          36           1           0
           0
 'CORNERS '          24 'REAL'
   0.23463999E+04   0.87990002E+03   0.73150000E+04   0.26397000E+04
   0.87990002E+03   0.73150000E+04   0.23463999E+04   0.11732000E+04
   0.73150000E+04   0.26397000E+04   0.11732000E+04   0.73150000E+04
   0.23463999E+04   0.87990002E+03   0.73450000E+04   0.26397000E+04
   0.87990002E+03   0.73450000E+04   0.23463999E+04   0.11732000E+04
   0.73450000E+04   0.26397000E+04   0.11732000E+04   0.73450000E+04
 'COORDS  '           7 'INTE'
           1           5           1          37           1           0
           0
 'CORNERS '          24 'REAL'
   0.00000000E+00   0.11732000E+04   0.73150000E+04   0.29329999E+03
   0.11732000E+04   0.73150000E+04   0.00000000E+00   0.14665000E+04
   0.73150000E+04   0.29329999E+03   0.14665000E+04   0.73150000E+04
   0.00000000E+00   0.11732000E+04   0.73450000E+04   0.29329999E+03
   0.11732000E+04   0.73450000E+04   0.00000000E+00   0.14665000E+04
   0.73450000E+04   0.29329999E+03   0.14665000E+04   0.73450000E+04
 'COORDS  '           7 'INTE'
           2           5           1          38           1           0
           0
 'CORNERS '          24 'REAL'
   0.29329999E+03   0.11732000E+04   0.73150000E+04   0.58659998E+03
   0.11732000E+04   0.73150000E+04   0.29329999E+03   0.14665000E+04
   0.73150000E+04   0.58659998E+03   0.14665000E+04   0.73150000E+04
   0.29329999E+03   0.11732000E+04   0.73450000E+04   0.58659998E+03
   0.11732000E+04   0.73450000E+04   0.29329999E+03   0.14665000E+04
   0.73450000E+04   0.58659998E+03   0.14665000E+04   0.73450000E+04
 'COORDS  '           7 'INTE'
           3           5           1          39           1           0
           0
 'CORNERS '          24 'REAL'
   0.58659998E+03   0.11732000E+04   0.73150000E+04   0.87990002E+03
   0.11732000E+04   0.73150000E+04   0.58659998E+03   0.14665000E+04
   0.73150000E+04   0.87990002E+03   0.14665000E+04   0.73150000E+04
   0.58659998E+03   0.11732000E+04   0.73450000E+04   0.87990002E+03
   0.11732000E+04   0.73450000E+04   0.58659998E+03   0.14665000E+04
   0.73450000E+04   0.87990002E+03   0.14665000E+04   0.73450000E+04
 'COORDS  '           7 'INTE'
           4           5           1          40           1           0
           0
 'CORNERS '          24 'REAL'
   0.87990002E+03   0.11732000E+04   0.73150000E+04   0.11732000E+04
   0.11732000E+04   0.73150000E+04   0.87990002E+03   0.14665000E+04
   0.73150000E+04   0.11732000E+04   0.14665000E+04   0.73150000E+04
   0.87990002E+03   0.11732000E+04   0.73450000E+04   0.11732000E+04
   0.11732000E+04   0.73450000E+04   0.87990002E+03   0.14665000E+04
   0.73450000E+04   0.11732000E+04   0.14665000E+04   0.73450000E+04
 'COORDS  '           7 'INTE'
           5           5           1          41           1           0
           0
 'CORNERS '          24 'REAL'
   0.11732000E+04   0.11732000E+04   0.73150000E+04   0.14665000E+04
   0.11732000E+04   0.73150000E+04   0.11732000E+04   0.14665000E+04
   0.73150000E+04   0.14665000E+04   0.14665000E+04   0.73150000E+04
   0.11732000E+04   0.11732000E+04   0.73450000E+04   0.14665000E+04
   0.11732000E+04   0.73450000E+04   0.11732000E+04   0.14665000E+04
   0.73450000E+04   0.14665000E+04   0.14665000E+04   0.73450000E+04
 'COORDS  '           7 'INTE'
           6           5           1          42           1           0
           0
 'CORNERS '          24 'REAL'
   0.14665000E+04   0.11732000E+04   0.73150000E+04   0.17598000E+04
   0.11732000E+04   0.73150000E+04   0.14665000E+04   0.14665000E+04
   0.73150000E+04   0.17598000E+04   0.14665000E+04   0.73150000E+04
   0.14665000E+04   0.11732000E+04   0.73450000E+04   0.17598000E+04
   0.11732000E+04   0.73450000E+04   0.14665000E+04   0.14665000E+04
   0.73450000E+04   0.17598000E+04   0.14665000E+04   0.73450000E+04
 'COORDS  '           7 'INTE'
           7           5           1          43           1           0
           0
 'CORNERS '          24 'REAL'
   0.17598000E+04   0.11732000E+04   0.73150000E+04   0.20531001E+04
   0.11732000E+04   0.73150000E+04   0.17598000E+04   0.14665000E+04
   0.73150000E+04   0.20531001E+04   0.14665000E+04   0.73150000E+04
   0.17598000E+04   0.11732000E+04   0.73450000E+04   0.20531001E+04
   0.11732000E+04   0.73450000E+04   0.17598000E+04   0.14665000E+04
   0.73450000E+04   0.20531001E+04   0.14665000E+04   0.73450000E+04
 'COORDS  '           7 'INTE'
           8           5           1          44           1           0
           0
 'CORNERS '          24 'REAL'
   0.20531001E+04   0.11732000E+04   0.73150000E+04   0.23463999E+04
   0.11732000E+04   0.73150000E+04   0.20531001E+04   0.14665000E+04
   0.73150000E+04   0.23463999E+04   0.14665000E+04   0.73150000E+04
   0.20531001E+04   0.11732000E+04   0.73450000E+04   0.23463999E+04
   0.11732000E+04   0.73450000E+04   0.20531001E+04   0.14665000E+04
   0.73450000E+04   0.23463999E+04   0.14665000E+04   0.73450000E+04
 'COORDS  '           7 'INTE'
           9           5           1          45           1           0
           0
 'CORNERS '          24 'REAL'
   0.23463999E+04   0.11732000E+04   0.73150000E+04   0.26397000E+04
   0.11732000E+04   0.73150000E+04   0.23463999E+04   0.14665000E+04
   0.73150000E+04   0.26397000E+04   0.14665000E+04   0.73150000E+04
   0.23463999E+04   0.11732000E+04   0.73450000E+04   0.26397000E+04
   0.11732000E+04   0.73450000E+04   0.23463999E+04   0.14665000E+04
   0.73450000E+04   0.26397000E+04   0.14665000E+04   0.73450000E+04
 'COORDS  '           7 'INTE'
           1           6           1          46           1           0
           0
 'CORNERS '          24 'REAL'
   0.00000000E+00   0.14665000E+04   0.73150000E+04   0.29329999E+03
   0.14665000E+04   0.73150000E+04   0.00000000E+00   0.17598000E+04
   0.73150000E+04   0.29329999E+03   0.17598000E+04   0.73150000E+04
   0.00000000E+00   0.14665000E+04   0.73450000E+04   0.29329999E+03
   0.14665000E+04   0.73450000E+04   0.00000000E+00   0.17598000E+04
   0.73450000E+04   0.29329999E+03   0.17598000E+04   0.73450000E+04
 'COORDS  '           7 'INTE'
           2           6           1          47           1           0
           0
 'CORNERS '          24 'REAL'
   0.29329999E+03   0.14665000E+04   0.73150000E+04   0.58659998E+03
   0.14665000E+04   0.73150000E+04   0.29329999E+03   0.17598000E+04
   0.73150000E+04   0.58659998E+03   0.17598000E+04   0.73150000E+04
   0.29329999E+03   0.14665000E+04   0.73450000E+04   0.58659998E+03
   0.14665000E+04   0.73450000E+04   0.29329999E+03   0.17598000E+04
   0.73450000E+04   0.58659998E+03   0.17598000E+04   0.73450000E+04
 'COORDS  '           7 'INTE'
           3           6           1          48           1           0
           0
 'CORNERS '          24 'REAL'
   0.58659998E+03   0.14665000E+04   0.73150000E+04   0.87990002E+03
   0.14665000E+04   0.73150000E+04   0.58659998E+03   0.17598000E+04
   0.73150000E+04   0.87990002E+03   0.17598000E+04   0.73150000E+04
   0.58659998E+03   0.14665000E+04   0.73450000E+04   0.87990002E+03
   0.14665000E+04   0.73450000E+04   0.58659998E+03   0.17598000E+04
   0.73450000E+04   0.87990002E+03   0.17598000E+04   0.73450000E+04
 'COORDS  '           7 'INTE'
           4           6           1          49           1           0
           0
 'CORNERS '          24 'REAL'
   0.87990002E+03   0.14665000E+04   0.73150000E+04   0.11732000E+04
   0.14665000E+04   0.73150000E+04   0.87990002E+03   0.17598000E+04
   0.73150000E+04   0.11732000E+04   0.17598000E+04   0.73150000E+04
   0.87990002E+03   0.14665000E+04   0.73450000E+04   0.11732000E+04
   0.14665000E+04   0.73450000E+04   0.87990002E+03   0.17598000E+04
   0.73450000E+04   0.11732000E+04   0.17598000E+04   0.73450000E+04
 'COORDS  '           7 'INTE'
           5           6           1          50           1           0
           0
 'CORNERS '          24 'REAL'
   0.11732000E+04   0.14665000E+04   0.73150000E+04   0.14665000E+04
   0.14665000E+04   0.73150000E+04   0.11732000E+04   0.17598000E+04
   0.73150000E+04   0.14665000E+04   0.17598000E+04   0.73150000E+04
   0.11732000E+04   0.14665000E+04   0.73450000E+04   0.14665000E+04
   0.14665000E+04   0.73450000E+04   0.11732000E+04   0.17598000E+04
   0.73450000E+04   0.14665000E+04   0.17598000E+04   0.73450000E+04
 'COORDS  '           7 'INTE'
           6           6           1          51           1           0
           0
 'CORNERS '          24 'REAL'
   0.14665000E+04   0.14665000E+04   0.73150000E+04   0.17598000E+04
   0.14665000E+04   0.73150000E+04   0.14665000E+04   0.17598000E+04
   0.73150000E+04   0.17598000E+04   0.17598000E+04   0.73150000E+04
   0.14665000E+04   0.14665000E+04   0.73450000E+04   0.17598000E+04
   0.14665000E+04   0.73450000E+04   0.14665000E+04   0.17598000E+04
   0.73450000E+04   0.17598000E+04   0.17598000E+04   0.73450000E+04
 'COORDS  '           7 'INTE'
           7           6           1          52           1           0
           0
 'CORNERS '          24 'REAL'
   0.17598000E+04   0.14665000E+04   0.73150000E+04   0.20531001E+04
   0.14665000E+04   0.73150000E+04   0.17598000E+04   0.17598000E+04
   0.73150000E+04   0.20531001E+04   0.17598000E+04   0.73150000E+04
   0.17598000E+04   0.14665000E+04   0.73450000E+04   0.20531001E+04
   0.14665000E+04   0.73450000E+04   0.17598000E+04   0.17598000E+04
   0.73450000E+04   0.20531001E+04   0.17598000E+04   0.73450000E+04
 'COORDS  '           7 'INTE'
           8           6           1          53           1           0
           0
 'CORNERS '          24 'REAL'
   0.20531001E+04   0.14665000E+04   0.73150000E+04   0.23463999E+04
   0.14665000E+04   0.73150000E+04   0.20531001E+04   0.17598000E+04
   0.73150000E+04   0.23463999E+04   0.17598000E+04   0.73150000E+04
   0.20531001E+04   0.14665000E+04   0.73450000E+04   0.23463999E+04
   0.14665000E+04   0.73450000E+04   0.20531001E+04   0.17598000E+04
   0.73450000E+04   0.23463999E+04   0.17598000E+04   0.73450000E+04
 'COORDS  '           7 'INTE'
           9           6           1          54           1           0
           0
 'CORNERS '          24 'REAL'
   0.23463999E+04   0.14665000E+04   0.73150000E+04   0.26397000E+04
   0.14665000E+04   0.73150000E+04   0.23463999E+04   0.17598000E+04
   0.73150000E+04   0.26397000E+04   0.17598000E+04   0.73150000E+04
   0.23463999E+04   0.14665000E+04   0.73450000E+04   0.26397000E+04
   0.14665000E+04   0.73450000E+04   0.23463999E+04   0.17598000E+04
   0.73450000E+04   0.26397000E+04   0.17598000E+04   0.73450000E+04
 'COORDS  '           7 'INTE'
           1           7           1          55           1           0
           0
 'CORNERS '          24 'REAL'
   0.00000000E+00   0.17598000E+04   0.73150000E+04   0.29329999E+03
   0.17598000E+04   0.73150000E+04   0.00000000E+00   0.20531001E+04
   0.73150000E+04   0.29329999E+03   0.20531001E+04   0.73150000E+04
   0.00000000E+00   0.17598000E+04   0.73450000E+04   0.29329999E+03
   0.17598000E+04   0.73450000E+04   0.00000000E+00   0.20531001E+04
   0.73450000E+04   0.29329999E+03   0.20531001E+04   0.73450000E+04
 'COORDS  '           7 'INTE'
           2           7           1          56           1           0
           0
 'CORNERS '          24 'REAL'
   0.29329999E+03   0.17598000E+04   0.73150000E+04   0.58659998E+03
   0.17598000E+04   0.73150000E+04   0.29329999E+03   0.20531001E+04
   0.73150000E+04   0.58659998E+03   0.20531001E+04   0.73150000E+04
   0.29329999E+03   0.17598000E+04   0.73450000E+04   0.58659998E+03
   0.17598000E+04   0.73450000E+04   0.29329999E+03   0.20531001E+04
   0.73450000E+04   0.58659998E+03   0.20531001E+04   0.73450000E+04
 'COORDS  '           7 'INTE'
           3           7           1          57           1           0
           0
 'CORNERS '          24 'REAL'
   0.58659998E+03   0.17598000E+04   0.73150000E+04   0.87990002E+03
   0.17598000E+04   0.73150000E+04   0.58659998E+03   0.20531001E+04
   0.73150000E+04   0.87990002E+03   0.20531001E+04   0.73150000E+04
   0.58659998E+03   0.17598000E+04   0.73450000E+04   0.87990002E+03
   0.17598000E+04   0.73450000E+04   0.58659998E+03   0.20531001E+04
   0.73450000E+04   0.87990002E+03   0.20531001E+04   0.73450000E+04
 'COORDS  '           7 'INTE'
           4           7           1          58           1           0
           0
 'CORNERS '          24 'REAL'
   0.87990002E+03   0.17598000E+04   0.73150000E+04   0.11732000E+04
   0.17598000E+04   0.73150000E+04   0.87990002E+03   0.20531001E+04
   0.73150000E+04   0.11732000E+04   0.20531001E+04   0.73150000E+04
   0.87990002E+03   0.17598000E+04   0.73450000E+04   0.11732000E+04
   0.17598000E+04   0.73450000E+04   0.87990002E+03   0.20531001E+04
   0.73450000E+04   0.11732000E+04   0.20531001E+04   0.73450000E+04
 'COORDS  '           7 'INTE'
           5           7           1          59           1           0
           0
 'CORNERS '          24 'REAL'
   0.11732000E+04   0.17598000E+04   0.73150000E+04   0.14665000E+04
   0.17598000E+04   0.73150000E+04   0.11732000E+04   0.20531001E+04
   0.73150000E+04   0.14665000E+04   0.20531001E+04   0.73150000E+04
   0.11732000E+04   0.17598000E+04   0.73450000E+04   0.14665000E+04
   0.17598000E+04   0.73450000E+04   0.11732000E+04   0.20531001E+04
   0.73450000E+04   0.14665000E+04   0.20531001E+04   0.73450000E+04
 'COORDS  '           7 'INTE'
           6           7           1          60           1           0
           0
 'CORNERS '          24 'REAL'
   0.14665000E+04   0.17598000E+04   0.73150000E+04   0.17598000E+04
   0.17598000E+04   0.73150000E+04   0.14665000E+04   0.20531001E+04
   0.73150000E+04   0.17598000E+04   0.20531001E+04   0.73150000E+04
   0.14665000E+04   0.17598000E+04   0.73450000E+04   0.17598000E+04
   0.17598000E+04   0.73450000E+04   0.14665000E+04   0.20531001E+04
   0.73450000E+04   0.17598000E+04   0.20531001E+04   0.73450000E+04
 'COORDS  '           7 'INTE'
           7           7           1          61           1           0
           0
 'CORNERS '          24 'REAL'
   0.17598000E+04   0.17598000E+04   0.73150000E+04   0.20531001E+04
   0.17598000E+04   0.73150000E+04   0.17598000E+04   0.20531001E+04
   0.73150000E+04   0.20531001E+04   0.20531001E+04   0.73150000E+04
   0.17598000E+04   0.17598000E+04   0.73450000E+04   0.20531001E+04
   0.17598000E+04   0.73450000E+04   0.17598000E+04   0.20531001E+04
   0.73450000E+04   0.20531001E+04   0.20531001E+04   0.73450000E+04
 'COORDS  '           7 'INTE'
           8           7           1          62           1           0
           0
 'CORNERS '          24 'REAL'
   0.20531001E+04   0.17598000E+04   0.73150000E+04   0.23463999E+04
   0.17598000E+04   0.73150000E+04   0.20531001E+04   0.20531001E+04
   0.73150000E+04   0.23463999E+04   0.20531001E+04   0.73150000E+04
   0.20531001E+04   0.17598000E+04   0.73450000E+04   0.23463999E+04
   0.17598000E+04   0.73450000E+04   0.20531001E+04   0.20531001E+04
   0.73450000E+04   0.23463999E+04   0.20531001E+04   0.73450000E+04
 'COORDS  '           7 'INTE'
           9           7           1          63           1           0
           0
 'CORNERS '          24 'REAL'
   0.23463999E+04   0.17598000E+04   0.73150000E+04   0.26397000E+04
   0.17598000E+04   0.73150000E+04   0.23463999E+04   0.20531001E+04
   0.73150000E+04   0.26397000E+04   0.20531001E+04   0.73150000E+04
   0.23463999E+04   0.17598000E+04   0.73450000E+04   0.26397000E+04
   0.17598000E+04   0.73450000E+04   0.23463999E+04   0.20531001E+04
   0.73450000E+04   0.26397000E+04   0.20531001E+04   0.73450000E+04
 'COORDS  '           7 'INTE'
           1           8           1          64           1           0
           0
 'CORNERS '          24 'REAL'
   0.00000000E+00   0.20531001E+04   0.73150000E+04   0.29329999E+03
   0.20531001E+04   0.73150000E+04   0.00000000E+00   0.23463999E+04
   0.73150000E+04   0.29329999E+03   0.23463999E+04   0.73150000E+04
   0.00000000E+00   0.20531001E+04   0.73450000E+04   0.29329999E+03
   0.20531001E+04   0.73450000E+04   0.00000000E+00   0.23463999E+04
   0.73450000E+04   0.29329999E+03   0.23463999E+04   0.73450000E+04
 'COORDS  '           7 'INTE'
           2           8           1          65           1           0
           0
 'CORNERS '          24 'REAL'
   0.29329999E+03   0.20531001E+04   0.73150000E+04   0.58659998E+03
   0.20531001E+04   0.73150000E+04   0.29329999E+03   0.23463999E+04
   0.73150000E+04   0.58659998E+03   0.23463999E+04   0.73150000E+04
   0.29329999E+03   0.20531001E+04   0.73450000E+04   0.58659998E+03
   0.20531001E+04   0.73450000E+04   0.29329999E+03   0.23463999E+04
   0.73450000E+04   0.58659998E+03   0.23463999E+04   0.73450000E+04
 'COORDS  '           7 'INTE'
           3           8           1          66           1           0
           0
 'CORNERS '          24 'REAL'
   0.58659998E+03   0.20531001E+04   0.73150000E+04   0.87990002E+03
   0.20531001E+04   0.73150000E+04   0.58659998E+03   0.23463999E+04
   0.73150000E+04   0.87990002E+03   0.23463999E+04   0.73150000E+04
   0.58659998E+03   0.20531001E+04   0.73450000E+04   0.87990002E+03
   0.20531001E+04   0.73450000E+04   0.58659998E+03   0.23463999E+04
   0.73450000E+04   0.87990002E+03   0.23463999E+04   0.73450000E+04
 'COORDS  '           7 'INTE'
           4           8           1          67           1           0
           0
 'CORNERS '          24 'REAL'
   0.87990002E+03   0.20531001E+04   0.73150000E+04   0.11732000E+04
   0.20531001E+04   0.73150000E+04   0.87990002E+03   0.23463999E+04
   0.73150000E+04   0.11732000E+04   0.23463999E+04   0.73150000E+04
   0.87990002E+03   0.20531001E+04   0.73450000E+04   0.11732000E+04
   0.20531001E+04   0.73450000E+04   0.87990002E+03   0.23463999E+04
   0.73450000E+04   0.11732000E+04   0.23463999E+04   0.73450000E+04
 'COORDS  '           7 'INTE'
           5           8           1          68           1           0
           0
 'CORNERS '          24 'REAL'
   0.11732000E+04   0.20531001E+04   0.73150000E+04   0.14665000E+04
   0.20531001E+04   0.73150000E+04   0.11732000E+04   0.23463999E+04
   0.73150000E+04   0.14665000E+04   0.23463999E+04   0.73150000E+04
   0.11732000E+04   0.20531001E+04   0.73450000E+04   0.14665000E+04
   0.20531001E+04   0.73450000E+04   0.11732000E+04   0.23463999E+04
   0.73450000E+04   0.14665000E+04   0.23463999E+04   0.73450000E+04
 'COORDS  '           7 'INTE'
           6           8           1          69           1           0
           0
 'CORNERS '          24 'REAL'
   0.14665000E+04   0.20531001E+04   0.73150000E+04   0.17598000E+04
   0.20531001E+04   0.73150000E+04   0.14665000E+04   0.23463999E+04
   0.73150000E+04   0.17598000E+04   0.23463999E+04   0.73150000E+04
   0.14665000E+04   0.20531001E+04   0.73450000E+04   0.17598000E+04
   0.20531001E+04   0.73450000E+04   0.14665000E+04   0.23463999E+04
   0.73450000E+04   0.17598000E+04   0.23463999E+04   0.73450000E+04
 'COORDS  '           7 'INTE'
           7           8           1          70           1           0
           0
 'CORNERS '          24 'REAL'
   0.17598000E+04   0.20531001E+04   0.73150000E+04   0.20531001E+04
   0.20531001E+04   0.73150000E+04   0.17598000E+04   0.23463999E+04
   0.73150000E+04   0.20531001E+04   0.23463999E+04   0.73150000E+04
   0.17598000E+04   0.20531001E+04   0.73450000E+04   0.20531001E+04
   0.20531001E+04   0.73450000E+04   0.17598000E+04   0.23463999E+04
   0.73450000E+04   0.20531001E+04   0.23463999E+04   0.73450000E+04
 'COORDS  '           7 'INTE'
           8           8           1          71           1           0
           0
 'CORNERS '          24 'REAL'
   0.20531001E+04   0.20531001E+04   0.73150000E+04   0.23463999E+04
   0.20531001E+04   0.73150000E+04   0.20531001E+04   0.23463999E+04
   0.73150000E+04   0.23463999E+04   0.23463999E+04   0.73150000E+04
